10029385
10427712
11539025
11625818
11647372
11691242
117779453
118023034
118036971
118086034
118107483
118115473
118161062
118295624
118414016
11848302
118502708
118557502
118607832
118861389
118869362
118873253
11950170
11977753
11978790
11998575
121269225
121280087
121293929
121488167
124111565
124173720
129045720
129103609
129269915
134821691
135398516
135565596
135565884
135565923
135567296
155567919
15604015
16063245
16654980
16662431
16735117
17755052
23582824
24788740
24956525
24983461
25017411
25033539
25190990
25212148
25230468
25254071
25262792
25262965
3038525
42642654
44137675
44181686
44480399
44516953
44582816
44603362
44814409
45375953
46188928
46207586
46213929
46214930
46215462
46700756
46834118
46848036
483927624
483928136
49779393
49784002
49784945
49792852
50905713
50914062
51001932
51038269
51039030
52913813
52920501
53235510
53252276
5329098
5329106
53357478
53380437
54755438
54758501
54761306
54766013
56599306
56649450
56928390
56949517
56960363
57345941
57495353
57519748
57928403
58298316
58298318
58507717
58557659
59174488
59215954
59473233
66571003
66571548
66599893
67462786
68029831
68165256
6918289
70798655
70817911
71226662
71245288
71479709
71584930
71611869
71621331
71622942
71667668
71721540
71721648
71731823
72165228
72703790
72734520
72950888
73388818
76685059
77108121
78209992
86291103
86292849
86567195
86582336
86677874
86705695
89655386
90116675
91667513
91754527
91933883
9849735
